#t,0,0,0,0,0,0;0 0 0 0 0 0 0 0,0;0 0 0 0 0 0 0 0,0 0 0 0,,,
#t,45593,414,20555,5221,2,0;63793 31589 60398 23646 7522 16013 26840 45915,0;35268 24414 19904 45031 59441 64724 39835 24146,60618 23005 41493 27003,,,
#t,47650,56495,43552,16785,1,0;27911 30225 12052 2866 30144 2699 10 38748,0;22458 45738 27767 46826 13548 12855 7415 42073,6840 28331 15699 40955,,,
#t,2825,49608,53092,58794,0,0;26955 48046 3724 28099 34837 12827 48802 24619,0;38299 18722 26344 55850 14125 53410 58528 47573,47033 32736 24517 57207,,,
#t,23069,27839,18712,50241,2,0;37150 45739 7032 48300 54993 34990 22484 60060,0;19887 21894 51856 53984 6000 613 51400 56793,14369 22381 39372 24576,,,
#t,1349,21688,57257,27763,1,0;36101 53173 14825 21826 63825 6428 17874 58579,0;55429 30587 36891 8398 47158 30219 2989 25372,28383 62791 63425 8940,,,
#t,22346,38944,40279,7558,0,0;61107 26447 12044 26574 22770 18609 53477 55557,0;46855 16135 63167 43336 1983 22582 48682 58927,40064 65105 55214 27344,,,
#t,10678,58862,26296,35859,2,0;7225 34612 49556 9417 47153 60236 3133 30909,0;25219 30066 42079 58310 56383 8723 27714 13194,26372 53808 26948 6625,,,
#t,2779,47678,20638,3985,1,0;37716 38377 51213 53335 8151 26440 60641 56534,0;43992 37621 15052 30346 13824 44732 5433 58371,46217 58815 5666 48429,,,
#t,39100,18064,19065,33077,0,0;64926 52637 47869 9878 9541 40644 15491 43515,0;54366 61078 8038 39136 33222 9351 18031 63700,60982 40305 868 24935,,,
#t,43380,34971,52339,34104,2,0;50431 33876 16284 21490 14049 62103 30287 12704,0;62988 639 63292 10525 60785 52243 37404 18735,61716 14086 50072 18696,,,
#t,27784,35812,39214,6307,1,0;4459 26051 42756 1207 27912 33106 59987 37847,0;31235 41001 31244 29220 32350 16130 50147 26019,42179 38791 11475 38400,,,
#t,56952,4517,5490,37610,0,0;33705 32198 59832 47693 4773 14819 41843 50086,0;52604 46658 12475 57312 54418 23717 8461 11546,55256 54527 19398 33175,,,
#t,7897,16287,56008,12304,2,0;39959 30089 34752 61404 6748 51899 64350 34927,0;21302 39854 30566 1115 21180 42241 1454 29280,7632 56230 43497 62633,,,
#t,23136,40794,23202,2214,1,0;53635 6617 22616 1088 25690 40369 12623 6691,0;41381 35072 57656 62863 44054 28486 33726 50139,19084 9365 12277 14318,,,
#t,30127,37680,10540,56702,0,0;53210 30867 4180 39784 39022 15791 12296 27364,0;46665 55388 43826 3642 7350 1018 2296 29207,50413 6317 41796 59637,,,
