#t,0,0,0,0,0,0;0 0 0 0 0 0 0 0,0;0 0 0 0 0 0 0 0,0 0 0 0,,,
#t,60829,49352,52166,31705,2,0;15781 34766 19395 52761 13773 17916 25121 51720,0;65109 8113 9482 14820 1321 42016 36229 54347,62744 2234 27832 63756,,,
#t,57383,38798,13321,50677,4,0;2352 62968 48846 64296 63078 18368 51438 30916,0;51763 41897 56109 38655 37529 12435 64138 57265,24854 19352 4177 62008,,,
#t,47029,44506,22191,28638,6,0;21892 34859 28957 20532 44275 57424 13966 7458,0;5965 5870 31288 42681 42637 55275 63777 20555,23014 47818 63577 30599,,,
#t,35110,65378,52188,12153,12,0;49456 1156 39645 61773 56997 6155 52923 63695,0;27882 39937 49702 39900 61419 20271 9174 4383,44294 61342 14147 17309,,,
#t,64591,23680,51758,62255,8,0;49381 20727 46660 6767 804 7776 59978 14428,0;16640 26027 22789 41301 60479 61891 3897 31977,21486 34653 63106 3212,,,
#t,60581,6154,13100,29586,14,0;13703 21376 64105 17126 44270 8349 55900 17993,0;32129 40473 20339 5194 32835 6685 52240 57534,41430 38631 29199 14898,,,
#t,29553,55132,63263,51837,10,0;44039 57110 61771 56899 64047 59836 1112 4503,0;64924 61069 19454 24071 14284 22251 60772 64160,15088 53952 33474 25845,,,
#t,30788,39309,20286,23700,15,0;32964 44597 21851 2692 13355 12177 64213 6025,0;11262 16413 60608 3111 27958 21916 51535 55200,9746 26305 12207 60458,,,
#t,1,512,1,16,7,0;128 64 8192 4 32 8 32 4,0;32 16 128 128 1024 2048 128 4096,4 2 512 8192,,,
#t,64,64,64,128,13,0;8192 128 1024 128 32 2048 4 8192,0;512 16 16 4096 4096 1024 512 4,4 128 1 1,,,
#t,8192,32,64,2,5,0;1 64 2048 2 4096 16384 256 8192,0;4096 8192 4 64 2 1 512 1024,256 8192 2048 32,,,
#t,1,64,1024,16,9,0;4 2 2048 1 4 16 32 16,0;16 32 128 8 4 32 8 256,16384 256 8 1024,,,
#t,1024,4096,512,32,11,0;2048 16 128 16384 1024 128 256 16384,0;4 16 32 32 2 1024 2048 2048,16384 2 8192 64,,,
#t,8,16,1024,64,1,0;8192 8 4096 4096 128 1024 2 128,0;2 4096 64 8 32 256 4096 4096,2 16 1 32,,,
#t,8192,64,16384,64,3,0;2048 4 512 2048 8 8 2 16384,0;2048 16 1024 16384 8192 16384 256 8,2048 16 512 2,,,
