#t,0,0,0,0,0,0;0 0 0 0 0 0 0 0,0;0 0 0 0 0 0 0 0,0,,,
#t,41561,10214,28804,44925,63255,0;38515 38642 36169 60121 9939 42696 22662 37870,0;5094 5257 10203 34359 21973 54639 19168 54193,1828,,,
#t,5374,32175,39915,38928,29991,0;43170 63067 9280 51464 41996 30920 60266 45355,0;51905 2857 28748 44580 61155 3796 35157 14061,34454,,,
#t,22682,34115,54014,24632,32286,0;22673 14339 14313 9351 33154 59192 12817 1463,0;43672 30167 44258 6605 15773 25855 30107 45833,60152,,,
#t,23630,13284,50310,51618,7,0;4842 5709 34738 1046 6820 61700 45561 42,0;21026 62716 32997 41281 920 10142 33554 11752,1713,,,
#t,32111,53121,717,5266,47610,0;27290 10566 47850 36635 16631 40576 4183 5221,0;58714 40112 23283 53611 3126 5990 11351 52873,34689,,,
#t,24763,56944,11205,5599,53195,0;25719 1628 25376 65228 19198 5495 38381 41788,0;32614 49832 11409 32616 59812 50524 20843 60746,57226,,,
#t,37510,65237,52605,55315,9308,0;57935 43889 46510 6787 21904 48056 50008 15840,0;37636 64734 12802 12708 29735 7133 19432 50004,7709,,,
#t,34652,46750,23606,36757,6872,0;57481 57151 15885 56923 54155 60257 41076 18984,0;29068 26617 64919 64925 408 38079 476 49777,59486,,,
#t,4096,16384,2048,8,16384,0;256 512 2048 4 16 8 4 512,0;1024 4 4 1024 8 8 512 2048,4,,,
#t,4096,256,2,512,16,0;4 8 2 128 64 256 2 4,0;4 8 16384 8192 1024 8 8192 16,128,,,
#t,512,512,1,1024,8,0;16 2 2 2 8192 4 4096 16384,0;256 4096 16384 4096 512 128 64 8192,128,,,
#t,1024,16,64,128,8,0;2 256 1024 8192 4096 8192 2048 4,0;16 16 1024 32 32 2 4 1024,4,,,
#t,32,128,32,256,1,0;128 2 16384 1 8 4096 2048 4096,0;2 1 16384 32 16 16384 128 1,128,,,
#t,8192,16384,4096,1,32,0;8 1 1024 1024 2048 16 16384 4,0;4096 256 4096 1 2048 16384 1024 128,1024,,,
#t,16,16,32,8192,16,0;4 2 8192 4 2 512 64 1024,0;1024 128 32 128 2 16 16 256,2,,,
