#t,0,0,0,0,0,0;0 0 0 0 0 0 0 0,0;0 0 0 0 0 0 0 0,0 0 0 0,0,,
#t,30209,20751,54328,62863,21294,0;3426 31506 1805 1469 52853 65534 49574 62319,0;59578 776 39707 20006 51456 7588 16197 14891,26686 49740 38921 1597,48178,,
#t,13039,2391,56077,9777,49646,0;57517 7396 12074 26842 55463 1436 32512 25688,0;46931 19759 21794 198 44567 5624 16992 3364,53390 37765 44370 27507,5781,,
#t,56325,53120,23578,57965,34101,0;19031 1569 28419 47866 34834 5548 2949 49473,0;52884 41837 27232 29042 32120 9806 27383 6064,10211 40933 50275 7358,50337,,
#t,40976,49498,29696,41025,20209,0;56928 55971 32322 21677 31072 9371 56760 47442,0;61123 27766 45093 16182 5010 25442 35227 44233,47083 9003 18921 11750,24385,,
#t,46759,18752,57769,43291,19144,0;21854 4504 12931 47418 48799 13499 50283 3944,0;2669 23027 38264 59862 46137 4007 33170 43532,10869 63020 48222 56136,64201,,
#t,49799,60254,10773,9843,8123,0;65190 43503 28775 16765 40244 50366 39615 8243,0;36796 65152 49458 56016 55533 40690 42032 5973,37974 29308 56338 41573,21438,,
#t,29756,7998,10984,33447,33797,0;43485 41836 22510 52835 64632 55405 25913 1587,0;28110 15082 4536 41052 20932 55525 20712 7717,65341 63265 46532 505,1857,,
#t,64747,41364,5152,17404,53008,0;12881 26187 15643 65509 41285 65250 9317 15667,0;36783 13054 19287 20229 5316 2549 7302 52901,47658 6798 24129 15677,63215,,
#t,4036,63748,269,11534,60357,0;13716 15583 51685 1092 3294 1360 44824 7738,0;6202 32569 64765 10387 9294 47335 63631 30756,23151 45679 13290 37848,21532,,
#t,56622,63717,46180,46985,46919,0;24790 29919 15756 1161 63548 53931 41659 12716,0;8543 42902 6456 48437 580 53482 57979 5257,17515 46903 2718 43816,23909,,
#t,22469,5214,31477,2636,27408,0;43817 17649 514 11120 61263 36590 54135 42605,0;65532 58211 31503 45039 703 46764 28397 22989,51528 22452 17082 57972,46068,,
#t,21729,3164,18294,52884,25411,0;20697 11862 31570 46770 57828 6775 14010 14119,0;18119 13026 44820 46381 8342 61275 30527 59942,21180 61402 11978 314,50960,,
#t,34949,38614,57257,39681,52825,0;23864 37048 24201 15507 18639 12228 36446 57225,0;5418 31951 43357 7076 49172 26423 26709 55364,36244 8319 62561 49619,38245,,
#t,51255,17806,5923,17745,49697,0;48254 9736 23060 59580 17294 65067 29450 38547,0;61261 2953 37988 55744 28128 49780 3684 42669,49590 50695 21078 26356,6818,,
#t,7219,13150,1647,24159,24174,0;56926 64947 18036 42680 49686 12192 35347 46036,0;32031 47285 56796 31994 3459 2947 22528 29908,6049 28765 7567 44933,594,,
