#t,0,0,0,0,0,0;0 0 0 0 0 0 0 0,0;0 0 0 0 0 0 0 0,0 0 0 0,,,
#t,5248,37237,40237,10382,53611,0;52187 44846 52794 63433 36936 37476 32444 15360,0;43581 15413 38581 25988 14855 20190 52598 15850,46459 6242 6778 59244,,,
#t,9311,43493,19966,33097,52881,0;40787 23464 51989 25475 52233 40826 34566 39808,0;14085 2445 30958 31541 28928 48558 532 33313,33912 5906 31219 12223,,,
#t,48545,32513,39798,16029,28892,0;65305 7291 38473 2703 8795 53915 34457 5045,0;59978 6311 46483 28756 33917 62523 48621 15938,4251 4969 34044 10465,,,
#t,46430,10213,2206,601,41714,0;24886 8496 58894 41330 61214 36829 1123 36020,0;44622 48601 61003 64274 63955 59002 58 60110,5159 32823 6618 7640,,,
#t,27698,49129,38488,21959,62712,0;2617 59093 27591 44393 52341 10301 44361 37543,0;7635 59084 60805 51480 48880 37488 21034 10494,8619 30880 46605 11282,,,
#t,57758,32551,56839,53694,34220,0;65086 18407 15829 22434 35878 21858 41807 21169,0;9974 64090 53552 12351 20675 40224 20759 60161,719 43088 17611 7508,,,
#t,34751,46865,10535,44741,36392,0;9424 55115 64472 13609 50232 50510 21716 2555,0;64217 31452 35396 13790 44667 57180 65313 34878,5796 47573 60499 41807,,,
#t,26475,57037,45968,46276,41222,0;58171 56357 12145 53625 21661 58953 46297 30697,0;30784 61114 54016 37493 21798 50440 64999 6488,41234 29455 30694 40453,,,
#t,4,512,8192,128,2048,0;16 32 16 8 8 64 32 16,0;4096 512 8192 4 256 2 2 8,16384 32 32 2,,,
#t,1024,16384,1024,8192,1024,0;512 8192 2 16384 2 2 4 8,0;64 1 16 1 16 256 256 4,8 4096 32 8192,,,
#t,4,16,128,8,128,0;2048 256 32 8192 128 16384 4 4096,0;2 8192 8192 32 1 1024 1 16,16384 8192 256 4,,,
#t,16,512,128,8,256,0;64 8 1 16384 1024 16 1 4,0;1024 1024 4096 8192 16 2 512 1024,2048 16384 4096 32,,,
#t,16384,1024,8,8192,16384,0;2048 512 128 1 128 2048 4 4096,0;2048 16384 512 128 4096 1 512 128,1024 1024 8192 2,,,
#t,128,512,16,512,1024,0;16 4096 32 8 1 16 16 8192,0;1024 64 4 16 1 1024 16 4096,8192 16384 16384 8192,,,
#t,128,2,128,4,512,0;64 16 2048 32 512 4 8 16384,0;16384 128 2048 32 16384 256 512 2048,64 4096 16384 256,,,
