#t,0,0,0,0,0,0;0 0 0 0 0 0 0 0,0;0 0 0 0 0 0 0 0,0 0 0 0,,,
#t,27905,38177,26879,18257,14544,0;5326 49158 54204 56009 30357 5345 23912 30009,0;9358 32877 30252 25659 64982 50561 7466 11317,50654 56093 19603 6332,,,
#t,11937,49640,33306,44724,32580,0;25843 42127 6461 48327 1183 39997 37546 50647,0;9930 59587 53262 45768 62937 41632 14325 58520,492 16933 37863 47154,,,
#t,9207,65047,56519,25632,55651,0;2900 23268 24560 31435 21279 62502 39385 37727,0;57150 45034 3318 29390 7703 52820 58364 47475,61730 47718 54472 13720,,,
#t,4701,46593,50132,62613,26734,0;61781 61339 37175 43240 62689 3925 26618 33405,0;37269 3296 52734 42691 15149 36699 40205 35562,64075 63943 29961 64526,,,
#t,28054,55386,40648,12549,27342,0;64289 47747 61306 5473 7878 45440 30260 950,0;6618 17220 19991 2317 20490 58466 28021 32085,42742 4133 28948 7732,,,
#t,17462,8263,49767,14423,59010,0;49066 362 32834 11042 36158 3080 45124 32236,0;28 12201 54078 51741 58359 52585 50540 37224,52989 917 4934 34288,,,
#t,12690,13943,24521,31388,43562,0;29965 20478 17953 7209 41932 22349 3740 2475,0;33339 23906 11539 14939 54584 9567 62095 25565,37118 57401 16730 9810,,,
#t,42964,50012,42416,20911,28151,0;50627 1026 22137 56312 56365 58222 9156 34961,0;9251 57686 20634 14710 46848 46966 25803 29237,30661 19416 16445 11677,,,
#t,64348,27288,913,39189,10933,0;33113 31005 65518 33702 58731 48696 65451 10154,0;6336 11432 49818 12984 26850 9100 26662 47807,60929 58994 57242 19171,,,
#t,5116,4037,17690,31045,2685,0;55346 16961 25670 56781 42156 28509 16228 14807,0;64692 37222 4262 12099 7678 41469 57024 11250,23409 53028 16051 46832,,,
#t,5611,22747,53981,11198,24034,0;33890 40397 46591 63794 46201 633 48396 38492,0;24546 4282 13166 11716 18163 63853 36657 2145,37847 1767 50116 15952,,,
#t,37121,47095,22669,5968,62203,0;31401 39564 29183 48204 63436 48530 25386 62392,0;11952 26154 37326 15165 62370 19850 32419 7171,61976 56515 46787 47717,,,
#t,28236,12850,14184,13400,48303,0;36482 38538 33035 45680 27694 60916 9873 21125,0;53296 40769 32112 8877 64732 11453 51920 52153,62241 42291 33805 54193,,,
#t,63452,16376,18479,64735,56299,0;19695 33812 63021 47667 33290 15976 36301 30124,0;35441 12854 50351 3696 8544 1128 63604 34329,30270 50043 22405 38813,,,
#t,42476,30604,15458,23025,22620,0;46561 63361 21023 33435 58037 58311 30939 42785,0;3675 18778 31723 40053 17098 44190 26010 14585,22577 23469 16037 45514,,,
